0.0183227 0.0502799 0.148464 5
0.019609 0.0530455 0.156291 4.93797
0.0206689 0.0563814 0.166211 4.87595
0.021986 0.0599292 0.176723 4.81392
0.0234222 0.0638986 0.186307 4.7519
0.0251407 0.0674986 0.198927 4.68987
0.0265006 0.0718918 0.21147 4.62785
0.0282947 0.0772253 0.231433 4.56582
0.0303311 0.0837241 0.242684 4.5038
0.0324687 0.0891534 0.257575 4.44177
0.0352347 0.094026 0.280704 4.37975
0.0382365 0.104771 0.304336 4.31772
0.0411903 0.111723 0.328311 4.2557
0.0444059 0.12046 0.35303 4.19367
0.0486082 0.131663 0.386646 4.13165
0.0523725 0.144923 0.420302 4.06962
0.0569801 0.161504 0.457655 4.00759
0.0624012 0.172729 0.497591 3.94557
0.0693293 0.193292 0.554317 3.88354
0.0764798 0.204628 0.608087 3.82152
0.0843959 0.233756 0.682857 3.75949
0.0950621 0.26822 0.745502 3.69747
0.103627 0.295643 0.862816 3.63544
0.119528 0.332196 0.934111 3.57342
0.135843 0.375376 1.07389 3.51139
0.157402 0.419197 1.20774 3.44937
0.178446 0.505793 1.37483 3.38734
0.207671 0.573706 1.54914 3.32532
0.242735 0.684644 1.81562 3.26329
0.285525 0.827368 2.11039 3.20127
0.336552 0.982653 2.49655 3.13924
0.412045 1.18675 2.98145 3.07722
0.535065 1.45753 3.36339 3.01519
0.655547 1.90512 4.00644 2.95316
0.84666 2.46001 4.78206 2.89114
1.12796 3.25958 5.79071 2.82911
1.61266 4.30598 6.78062 2.76709
2.40403 6.16923 8.08257 2.70506
3.48697 8.92171 9.52167 2.64304
5.96526 12.7205 10.8209 2.58101
10.7313 18.7301 12.278 2.51899
21.8639 27.1039 13.2896 2.45696
51.1734 35.4404 14.0012 2.39494
103.152 41.6882 13.738 2.33291
104.482 37.6483 13.596 2.27089
60.4888 30.169 12.2766 2.20886
31.3396 22.2164 10.6024 2.14684
17.8667 14.7286 8.78648 2.08481
11.4959 10.6562 7.26417 2.02278
7.81765 8.40154 5.83147 1.96076
5.96031 5.77958 4.95846 1.89873
4.48137 4.83998 3.93413 1.83671
3.4495 3.40586 3.00659 1.77468
2.71033 2.69062 2.41916 1.71266
2.13841 2.09156 1.91342 1.65063
1.67446 1.63862 1.55549 1.58861
1.31137 1.27547 1.21749 1.52658
1.02823 1.00288 0.955592 1.46456
0.806562 0.785419 0.754221 1.40253
0.633836 0.597722 0.595206 1.34051
0.506369 0.456666 0.443339 1.27848
0.409272 0.342204 0.336977 1.21646
0.345458 0.252241 0.246251 1.15443
0.300455 0.175327 0.177943 1.09241
0.258601 0.125177 0.124309 1.03038
0.206505 0.0793955 0.0842528 0.968354
0.154185 0.0487049 0.0493821 0.906329
0.101163 0.0292045 0.0308161 0.844304
0.055819 0.0154991 0.0161713 0.782278
0.0306668 0.00773823 0.00731814 0.720253
0.0128756 0.0031579 0.00461382 0.658228
0.00440991 0.00115297 0.00129396 0.596203
0.000980993 0.000350418 0.00014018 0.534177
0.000156996 2.24287e-05 0 0.472152
0 0 0 0.410127
0 0 0 0.348101
0 0 0 0.286076
0 0 0 0.224051
0 0 0 0.162025
0 0 0 0.1
