0.169614 0.203905 5
0.171066 0.210164 4.93797
0.172881 0.21625 4.87595
0.174364 0.223332 4.81392
0.176173 0.229581 4.7519
0.178741 0.238744 4.68987
0.180356 0.245908 4.62785
0.183336 0.257061 4.56582
0.184775 0.264488 4.5038
0.186429 0.272723 4.44177
0.189372 0.285571 4.37975
0.192598 0.297634 4.31772
0.19548 0.310678 4.2557
0.198097 0.321115 4.19367
0.201375 0.337721 4.13165
0.204579 0.352453 4.06962
0.208117 0.369529 4.00759
0.212235 0.387525 3.94557
0.216383 0.409012 3.88354
0.221114 0.428694 3.82152
0.226071 0.456315 3.75949
0.230053 0.477311 3.69747
0.237918 0.514218 3.63544
0.241794 0.536178 3.57342
0.249483 0.57631 3.51139
0.257385 0.616004 3.44937
0.26583 0.657951 3.38734
0.274565 0.702464 3.32532
0.286637 0.761093 3.26329
0.296571 0.825489 3.20127
0.311843 0.898601 3.13924
0.327731 0.988949 3.07722
0.340321 1.04742 3.01519
0.35715 1.14814 2.95316
0.381829 1.24911 2.89114
0.408791 1.36977 2.82911
0.435075 1.47012 2.76709
0.467823 1.57844 2.70506
0.503024 1.68255 2.64304
0.543455 1.73537 2.58101
0.59435 1.74411 2.51899
0.638618 1.69713 2.45696
0.687362 1.58855 2.39494
0.736526 1.37677 2.33291
0.774345 1.23413 2.27089
0.816596 0.970024 2.20886
0.851742 0.723286 2.14684
0.882434 0.521768 2.08481
0.905459 0.385429 2.02278
0.924305 0.266272 1.96076
0.937836 0.204474 1.89873
0.950454 0.144429 1.83671
0.960955 0.0969129 1.77468
0.968767 0.0717561 1.71266
0.975243 0.0528783 1.65063
0.980568 0.0407142 1.58861
0.98498 0.0299851 1.52658
0.988547 0.0223139 1.46456
0.991275 0.016759 1.40253
0.993537 0.0126038 1.34051
0.995417 0.00891667 1.27848
0.996718 0.00642085 1.21646
0.99779 0.00445064 1.15443
0.998504 0.00303996 1.09241
0.999061 0.00200247 1.03038
0.999438 0.00127479 0.968354
0.999697 0.000699319 0.906329
0.999834 0.000406533 0.844304
0.999924 0.000197663 0.782278
0.99997 8.2358e-05 0.720253
0.999984 4.74522e-05 0.658228
0.999996 1.20541e-05 0.596203
1 1.17001e-06 0.534177
1 0 0.472152
1 0 0.410127
1 0 0.348101
1 0 0.286076
1 0 0.224051
1 0 0.162025
1 0 0.1

0.0844564 0.20768 5
0.0852761 0.213227 4.93797
0.0861442 0.220329 4.87595
0.0869226 0.227277 4.81392
0.0876295 0.23389 4.7519
0.088457 0.24155 4.68987
0.0894804 0.249236 4.62785
0.0905336 0.260639 4.56582
0.0917844 0.270615 4.5038
0.0928518 0.279772 4.44177
0.0937935 0.290907 4.37975
0.0957793 0.307126 4.31772
0.0965128 0.317542 4.2557
0.0977832 0.329842 4.19367
0.0995834 0.346728 4.13165
0.101628 0.365183 4.06962
0.103688 0.388772 4.00759
0.105017 0.401926 3.94557
0.107489 0.42722 3.88354
0.108756 0.440752 3.82152
0.112077 0.474157 3.75949
0.114789 0.511565 3.69747
0.117088 0.53972 3.63544
0.120189 0.575414 3.57342
0.123274 0.616063 3.51139
0.126644 0.653054 3.44937
0.132008 0.724335 3.38734
0.135942 0.78191 3.32532
0.140538 0.853515 3.26329
0.146691 0.9496 3.20127
0.15275 1.04145 3.13924
0.160362 1.15037 3.07722
0.167982 1.28348 3.01519
0.179891 1.4858 2.95316
0.19302 1.71159 2.89114
0.206679 1.98395 2.82911
0.224943 2.29971 2.76709
0.249739 2.80908 2.70506
0.278576 3.3915 2.64304
0.314274 4.10302 2.58101
0.367371 4.91695 2.51899
0.434703 5.77566 2.45696
0.518098 6.14213 2.39494
0.615756 5.70945 2.33291
0.714801 4.02194 2.27089
0.785939 2.5201 2.20886
0.838358 1.51698 2.14684
0.877451 0.772357 2.08481
0.903282 0.456713 2.02278
0.922356 0.339019 1.96076
0.938838 0.191363 1.89873
0.950499 0.167148 1.83671
0.96086 0.0982038 1.77468
0.968589 0.0736551 1.71266
0.975166 0.0545084 1.65063
0.980512 0.0409652 1.58861
0.984901 0.0305087 1.52658
0.988467 0.0229959 1.46456
0.991239 0.0172305 1.40253
0.993505 0.0125224 1.34051
0.995341 0.00912248 1.27848
0.9967 0.00650431 1.21646
0.997747 0.00454992 1.15443
0.998544 0.00299263 1.09241
0.999064 0.00201531 1.03038
0.999456 0.0012013 0.968354
0.9997 0.000689729 0.906329
0.999844 0.000385273 0.844304
0.999928 0.000189447 0.782278
0.999969 8.70857e-05 0.720253
0.99999 3.24784e-05 0.658228
0.999997 1.07407e-05 0.596203
0.999999 2.92477e-06 0.534177
1 1.65465e-07 0.472152
1 0 0.410127
1 0 0.348101
1 0 0.286076
1 0 0.224051
1 0 0.162025
1 0 0.1

0.0421053 0.206745 5
0.0426853 0.214539 4.93797
0.04301 0.222365 4.87595
0.0433698 0.228242 4.81392
0.0439806 0.23607 4.7519
0.0444753 0.245837 4.68987
0.0448839 0.253654 4.62785
0.0454265 0.262326 4.56582
0.0457768 0.271966 4.5038
0.0464717 0.281893 4.44177
0.0469451 0.295211 4.37975
0.0479779 0.310209 4.31772
0.048407 0.320992 4.2557
0.0491805 0.33682 4.19367
0.0499312 0.351926 4.13165
0.0508063 0.369613 4.06962
0.0513535 0.385018 4.00759
0.0524205 0.403511 3.94557
0.0534242 0.428687 3.88354
0.0545713 0.449754 3.82152
0.0558636 0.480491 3.75949
0.0568281 0.512227 3.69747
0.057706 0.533697 3.63544
0.0598208 0.584341 3.57342
0.0617558 0.628137 3.51139
0.0634538 0.674395 3.44937
0.06558 0.731265 3.38734
0.0673195 0.789904 3.32532
0.0694746 0.865466 3.26329
0.0726624 0.953918 3.20127
0.0752191 1.0361 3.13924
0.0789619 1.16231 3.07722
0.0841534 1.37856 3.01519
0.0881276 1.51078 2.95316
0.0943475 1.75042 2.89114
0.101862 2.08036 2.82911
0.112145 2.57167 2.76709
0.123092 3.18375 2.70506
0.136613 3.90451 2.64304
0.157923 5.24723 2.58101
0.186494 7.27549 2.51899
0.232415 10.572 2.45696
0.325421 16.0692 2.39494
0.467332 20.8888 2.33291
0.655605 13.2098 2.27089
0.775744 4.57094 2.20886
0.837957 1.88285 2.14684
0.876992 0.806951 2.08481
0.902956 0.465133 2.02278
0.923058 0.288514 1.96076
0.938332 0.202852 1.89873
0.950626 0.140441 1.83671
0.96064 0.0993797 1.77468
0.968617 0.0731597 1.71266
0.975145 0.0548357 1.65063
0.980528 0.041026 1.58861
0.984901 0.0306307 1.52658
0.988451 0.022888 1.46456
0.99127 0.0169421 1.40253
0.993573 0.0124722 1.34051
0.995323 0.00912342 1.27848
0.996725 0.00644873 1.21646
0.997774 0.00448383 1.15443
0.998528 0.00303295 1.09241
0.999068 0.00198916 1.03038
0.999452 0.00120748 0.968354
0.999688 0.000722504 0.906329
0.99984 0.000390866 0.844304
0.999929 0.0001851 0.782278
0.999968 9.04388e-05 0.720253
0.999989 3.37265e-05 0.658228
0.999997 1.02703e-05 0.596203
0.999999 2.15664e-06 0.534177
1 2.89555e-07 0.472152
1 0 0.410127
1 0 0.348101
1 0 0.286076
1 0 0.224051
1 0 0.162025
1 0 0.1

